%YAML:1.0
---
K: !!opencv-matrix
   rows: 3
   cols: 3
   dt: d
   data: [ 1033.0169924585446, 0., 279.42359264855361, 0.,
       1136.2975210628649, 193.35591406628998, 0., 0., 1. ]
dist: !!opencv-matrix
   rows: 5
   cols: 1
   dt: d
   data: [ 3.6226214934085004, -65.004303156711131, 0.04547598346940749,
       0.094277892160014878, 95.461887372889208 ]
