%YAML:1.0
---
K: !!opencv-matrix
   rows: 3
   cols: 3
   dt: d
   data: [ 7032.125551115023, 0., 349.61859568192142, 0.,
       4359.0748461913281, 205.88926768683754, 0., 0., 1. ]
dist: !!opencv-matrix
   rows: 5
   cols: 1
   dt: d
   data: [ 4.5408269477128327, 23797.536047569927, 0.55000572754757138,
       -0.088826055413160687, -57061.758684794579 ]
