%YAML:1.0
---
K: !!opencv-matrix
   rows: 3
   cols: 3
   dt: d
   data: [ 694.56110277170001, 0., 190.71501598069574, 0.,
       639.23774193303382, 209.77001426734716, 0., 0., 1. ]
dist: !!opencv-matrix
   rows: 5
   cols: 1
   dt: d
   data: [ 1.1751984515393346, -6.3797466448081392, -0.00700640144320098,
       -0.15359261768326632, 17.087160958959956 ]
