%YAML:1.0
---
K: !!opencv-matrix
   rows: 3
   cols: 3
   dt: d
   data: [ 535.67141699955391, 0., 317.0881424894269, 0.,
       526.92064939611691, 282.29504536819309, 0., 0., 1. ]
dist: !!opencv-matrix
   rows: 5
   cols: 1
   dt: d
   data: [ 0.28626556792964375, -1.750555511429396, 0.032323876091275745,
       0.00092232550016846349, 1.7229824677002246 ]
